// Experience Tables [Pre-Renewal]
// Only official levels included, check db/import-tmpl/job_exp.txt for an expanded list
//
// Structure of Database:
// Max Level,Class list,Type,Exp for Lv 1,2,3,4,5,6,7,8,9,10,11,12,13,14,15,16,17,18,19,20,21,22,23,24,25,26,27,28,29,30,31,32,33,34,35,36,37,38,39,40,41,42,43,44,45,46,47,48,49,50,51,52,53,54,55,56,57,58,59,60,61,62,63,64,65,66,67,68,69,70,71,72,73,74,75,76,77,78,79,80,81,82,83,84,85,86,87,88,89,90,91,92,93,94,95,96,97,98,99
//
// Type:
//	0 = Base Exp, 1 = Job Exp

//Base - Normal and Baby Jobs
255,0:1:2:3:4:5:6:7:8:9:10:11:12:13:14:15:16:17:18:19:20:21:23:24:25:4023:4024:4025:4026:4027:4028:4029:4030:4031:4032:4033:4034:4035:4036:4037:4038:4039:4040:4041:4042:4043:4044:4045:4046:4047:4048:4049:4050:4051:4052,0,9,16,25,36,77,112,153,200,253,320,385,490,585,700,830,970,1120,1260,1420,1620,1860,1990,2240,2504,2950,3426,3934,4474,6889,7995,9174,10425,11748,13967,15775,17678,19677,21773,30543,34212,38065,42102,46323,53026,58419,64041,69892,75973,102468,115254,128692,142784,157528,178184,196300,215198,234879,255341,330188,365914,403224,442116,482590,536948,585191,635278,687211,740988,925400,1473746,1594058,1718928,1848355,1982340,2230113,2386162,2547417,2713878,3206160,3681024,4022472,4377024,4744680,5125440,5767272,6204000,6655464,7121664,7602600,9738720,11649960,13643520,18339300,23836800,35658000,48687000,58135000,99999998,4070000,4140000,4210000,4280000,4350000,4420000,4490000,4560000,4630000,4700000,4770000,4840000,4910000,4980000,5050000,5120000,5190000,5260000,5330000,5400000,5470000,5540000,5610000,5680000,5750000,5820000,5890000,5960000,6030000,6100000,6170000,6240000,6310000,6380000,6450000,6520000,6590000,6660000,6730000,6800000,6870000,6940000,7010000,7080000,7150000,7220000,7290000,7360000,7430000,7500000,7570000,7640000,7710000,7780000,7850000,7920000,7990000,8060000,8130000,8200000,8270000,8340000,8410000,8480000,8550000,8620000,8690000,8760000,8830000,8900000,8970000,9040000,9110000,9180000,9250000,9320000,9390000,9460000,9530000,9600000,9670000,9740000,9810000,9880000,9950000,10020000,10090000,10160000,10230000,10300000,10370000,10440000,10510000,10580000,10650000,10720000,10790000,10860000,10930000,11000000,11070000,11140000,11210000,11280000,11350000,11420000,11490000,11560000,11630000,11700000,11770000,11840000,11910000,11980000,12050000,12120000,12190000,12260000,12330000,12400000,12470000,12540000,12610000,12680000,12750000,12820000,12890000,12960000,13030000,13100000,13170000,13240000,13310000,13380000,13450000,13520000,13590000,13660000,13730000,13800000,13870000,13940000,14010000,14080000,14150000,14220000,14290000,14360000,14430000,14500000,14570000,14640000,14710000,14780000,14850000,14920000,99999999

//Base - Trans Jobs
255,4001:4002:4003:4004:4005:4006:4007:4008:4009:4010:4011:4012:4013:4014:4015:4016:4017:4018:4019:4020:4021:4022,0,10,18,28,40,85,123,168,220,278,400,481,613,731,875,1038,1213,1400,1575,1775,2268,2604,2786,3136,3506,4130,4796,5508,6264,9645,12392,14220,16159,18209,21649,24451,27401,30499,33748,47342,58160,64711,71573,78749,90144,99312,108870,118816,129154,174196,213220,238080,264150,291427,329640,363155,398116,434526,472381,610848,731828,806448,884232,965180,1073896,1170382,1270556,1374422,1481976,1850800,3389616,3666333,3953534,4251217,4559382,5129260,5488173,5859059,6241919,7374168,9570662,10458427,11380262,12336168,13326144,14994907,16130400,17304206,18516326,19766760,29216160,34949880,40930560,55017900,71510400,106974000,146061000,174405000,343210000,3432100,3502100,3572100,3642100,3712100,3782100,3852100,3922100,3992100,4062100,4132100,4202100,4272100,4342100,4412100,4482100,4552100,4622100,4692100,4762100,4832100,4902100,4972100,5042100,5112100,5182100,5252100,5322100,5392100,5462100,5532100,5602100,5672100,5742100,5812100,5882100,5952100,6022100,6092100,6162100,6232100,6302100,6372100,6442100,6512100,6582100,6652100,6722100,6792100,6862100,6932100,7002100,7072100,7142100,7212100,7282100,7352100,7422100,7492100,7562100,7632100,7702100,7772100,7842100,7912100,7982100,8052100,8122100,8192100,8262100,8332100,8402100,8472100,8542100,8612100,8682100,8752100,8822100,8892100,8962100,9032100,9102100,9172100,9242100,9312100,9382100,9452100,9522100,9592100,9662100,9732100,9802100,9872100,9942100,10012100,10082100,10152100,10222100,10292100,10362100,10432100,10502100,10572100,10642100,10712100,10782100,10852100,10922100,10992100,11062100,11132100,11202100,11272100,11342100,11412100,11482100,11552100,11622100,11692100,11762100,11832100,11902100,11972100,12042100,12112100,12182100,12252100,12322100,12392100,12462100,12532100,12602100,12672100,12742100,12812100,12882100,12952100,13022100,13092100,13162100,13232100,13302100,13372100,13442100,13512100,13582100,13652100,13722100,13792100,13862100,13932100,14002100,14072100,14142100,14212100,14282100,99999999

//Job - Novice & Baby Novice
10,0:4023,1,10,18,28,40,91,151,205,268,340,999999999

//Job - 1st Classes & Baby 1st Classes, Taekwon
50,1:2:3:4:5:6:4024:4025:4026:4027:4028:4029:4046:4050,1,30,43,58,76,116,180,220,272,336,520,604,699,802,948,1125,1668,1937,2226,3040,3988,5564,6272,7021,9114,11473,15290,16891,18570,23229,28359,36478,39716,43088,52417,62495,78160,84175,90404,107611,125915,153941,191781,204351,248352,286212,386371,409795,482092,509596,999999999

//Job - 2nd Classes & Baby 2nd Classes, Soul Linker
50,7:8:9:10:11:12:13:14:15:16:17:18:19:20:21:4030:4031:4032:4033:4034:4035:4036:4037:4038:4039:4040:4041:4042:4043:4044:4049:4051:4052,1,144,184,284,348,603,887,1096,1598,2540,3676,4290,4946,6679,9492,12770,14344,16005,20642,27434,35108,38577,42206,52708,66971,82688,89544,96669,117821,144921,174201,186677,199584,238617,286366,337147,358435,380376,447685,526989,610246,644736,793535,921810,1106758,1260955,1487304,1557657,1990632,2083386,999999999

//Job - Novice High
10,4001,1,11,20,31,44,100,166,226,295,374,999999999

//Job - Adv First Classes
50,4002:4003:4004:4005:4006:4007,1,60,86,116,152,232,360,440,544,672,1040,1208,1398,1604,1896,2250,3336,3874,4452,6080,7976,11128,12544,14042,18228,28683,38225,42228,46425,58073,70898,91195,99290,107720,131043,156238,195400,210438,226010,269028,314788,384853,479453,510878,620880,715530,965928,1024488,1205230,1273990,999999999

//Job - Adv Second Classes
120,4008:4009:4010:4011:4012:4013:4014:4015:4016:4017:4018:4019:4020:4021:4022,1,288,368,568,696,1206,1774,2192,3196,5080,7352,8580,9892,13358,18984,31925,35860,40013,51605,68585,87770,96443,105515,131770,167428,206720,223860,241673,294553,362303,479053,513362,548856,656197,787507,927154,985696,1046034,1231134,1449220,1678177,1773024,2182221,2534978,3043585,3782865,4461912,4672971,5971896,6250158,6875174,7562691,8318960,9150856,10065942,11877812,14015818,16538665,19515624,23028437,28094693,34275525,41816141,51015692,62239144,79666104,101972614,130524946,167071930,213852071,2138520,2208520,2278520,2348520,2418520,2488520,2558520,2628520,2698520,2768520,2838520,2908520,2978520,3048520,3118520,3188520,3258520,3328520,3398520,3468520,3538520,3608520,3678520,3748520,3818520,3888520,3958520,4028520,4098520,4168520,4238520,4308520,4378520,4448520,4518520,4588520,4658520,4728520,4798520,4868520,4938520,5008520,5078520,5148520,5218520,5288520,5358520,5428520,5498520,5568520,999999999

//Job - Ninja/Gunslinger
120,24:25,1,72,92,142,174,301,443,548,799,1270,1838,2145,2473,3339,4746,6385,7172,8002,10321,13717,17554,19288,21103,26354,33485,41344,44772,48334,58910,72460,87100,93338,99792,119308,143183,231068,257377,274363,314246,371105,431038,476309,588548,665256,801731,916689,1130023,1188623,1377408,1551289,1746582,1845236,1954741,2124555,2345698,2548763,2759555,3021488,3254111,3489547,3695474,4012251,4181112,4302211,4496584,4578951,4869523,5022114,5123654,5395117,5395117,5465117,5535117,5605117,5675117,5745117,5815117,5885117,5955117,6025117,6095117,6165117,6235117,6305117,6375117,6445117,6515117,6585117,6655117,6725117,6795117,6865117,6935117,7005117,7075117,7145117,7215117,7285117,7355117,7425117,7495117,7565117,7635117,7705117,7775117,7845117,7915117,7985117,8055117,8125117,8195117,8265117,8335117,8405117,8475117,8545117,8615117,8685117,8755117,8825117,999999999

//Job - Star Gladiator
120,4047:4048,1,27434,27434,27434,27434,27434,27434,27434,27434,27434,27434,27434,27434,27434,27434,27434,27434,27434,27434,54868,70216,77154,84412,105416,133924,165376,179008,193338,235642,289842,348402,373354,399168,477234,572732,674294,716870,760752,895370,1053978,1220492,1289472,1587070,1843620,2213516,2521910,2974608,3115314,3981264,5166772,5166772,5236772,5306772,5376772,5446772,5516772,5586772,5656772,5726772,5796772,5866772,5936772,6006772,6076772,6146772,6216772,6286772,6356772,6426772,6496772,6566772,6636772,6706772,6776772,6846772,6916772,6986772,7056772,7126772,7196772,7266772,7336772,7406772,7476772,7546772,7616772,7686772,7756772,7826772,7896772,7966772,8036772,8106772,8176772,8246772,8316772,8386772,8456772,8526772,8596772,8666772,8736772,8806772,8876772,8946772,9016772,9086772,9156772,9226772,9296772,9366772,9436772,9506772,9576772,9646772,9716772,9786772,9856772,9926772,9996772,999999999

//Job - Super Novice & Baby Super Novice
99,23:4045,1,30,43,58,76,116,180,220,272,336,520,604,699,802,948,1125,1668,1937,2226,3040,3988,5564,6272,7021,9114,11473,15290,16891,18570,23229,28359,36478,39716,43088,52417,62495,78160,84175,90404,107611,125915,153941,191781,204351,248352,286212,386371,409795,482092,509596,982092,992092,1002092,1012092,1022092,1032092,1042092,1052092,1062092,1072092,1082092,1092092,1102092,1112092,1122092,1132092,1142092,1152092,1162092,1172092,1182092,1192092,1202092,1212092,1222092,1232092,1242092,1252092,1262092,1272092,1282092,1292092,1302092,1312092,1322092,1332092,1342092,1352092,1362092,1372092,1382092,1392092,1402092,1412092,1422092,1432092,1442092,1452092,1462092,999999999



//================================
// Renewal content (required for some core features)
//================================

//Base - 3rd Jobs, Baby 3rds, Expanded Super Novice, Kagerou/Oboro, Rebellion, Summoner, Star Emperor, Soul Reaper
99,4054:4055:4056:4057:4058:4059:4060:4061:4062:4063:4064:4065:4066:4067:4068:4069:4070:4071:4072:4073:4074:4075:4076:4077:4078:4079:4080:4081:4082:4083:4084:4085:4086:4087:4096:4097:4098:4099:4100:4101:4102:4103:4104:4105:4106:4107:4108:4109:4110:4111:4112:4190:4191:4211:4212:4215:4218:4220:4222:4223:4224:4225:4226:4227:4228:4229:4238:4239:4240:4241:4242:4243:4244,0,10,18,28,40,85,123,168,220,278,400,481,613,731,875,1038,1213,1400,1575,1775,2268,2604,2786,3136,3506,4130,4796,5508,6264,9645,12392,14220,16159,18209,21649,24451,27401,30499,33748,47342,58160,64711,71573,78749,90144,99312,108870,118816,129154,174196,213220,238080,264150,291427,329640,363155,398116,434526,472381,610848,731828,806448,884232,965180,1073896,1170382,1270556,1374422,1481976,1850800,3389616,3666333,3953534,4251217,4559382,5129260,5488173,5859059,6241919,7374168,9570662,10458427,11380262,12336168,13326144,14994907,16130400,17304206,18516326,19766760,29216160,34949880,40930560,55017900,71510400,106974000,146061000,174405000,343210000,99999999

//Job - 3rd Jobs, Baby 3rds, Expanded Super Novice, Kagerou/Oboro, Rebellion, Summoner, Star Emperor, Soul Reaper
50,4054:4055:4056:4057:4058:4059:4060:4061:4062:4063:4064:4065:4066:4067:4068:4069:4070:4071:4072:4073:4074:4075:4076:4077:4078:4079:4080:4081:4082:4083:4084:4085:4086:4087:4096:4097:4098:4099:4100:4101:4102:4103:4104:4105:4106:4107:4108:4109:4110:4111:4112:4190:4191:4211:4212:4215:4218:4220:4222:4223:4224:4225:4226:4227:4228:4229:4238:4239:4240:4241:4242:4243:4244,1,288,368,568,696,1206,1774,2192,3196,5080,7352,8580,9892,13358,18984,31925,35860,40013,51605,68585,87770,96443,105515,131770,167428,206720,223860,241673,294553,362303,479053,513362,548856,656197,787507,927154,985696,1046034,1231134,1449220,1678177,1773024,2182221,2534978,3043585,3782865,4461912,4672971,5971896,6250158,6875174,7562691,8318960,9150856,10065942,11877812,14015818,16538665,19515624,23028437,28094693,34275525,41816141,51015692,62239144,79666104,101972614,130524946,167071930,213852071,999999999
